0.644321965733590E+03 -0.281322457639874E-03 0.274692711387555E+03 -0.266572709060710E-03 0.552168628803227E+03 0.247614020411684E-02 0.274663028729928E+03 0.248222343026614E-02 0.609603680042709E+03 
0.644323275284189E+03 -0.289739590529416E-03 0.274693058446133E+03 -0.274983674517877E-03 0.552169908665180E+03 0.246997370890000E-02 0.274663375108090E+03 0.247604537815576E-02 0.609604093554420E+03 
0.644321087700756E+03 -0.276937529573813E-03 0.274692359546871E+03 -0.262183182903151E-03 0.552167967971302E+03 0.247801197157103E-02 0.274662676952608E+03 0.248410003135126E-02 0.609603035409371E+03 
0.644314750717332E+03 -0.265205241065558E-03 0.274689004417391E+03 -0.250445332951247E-03 0.552170798296489E+03 0.248598544525268E-02 0.274659307817392E+03 0.249206372937997E-02 0.609594456759751E+03 
0.644321385283121E+03 -0.305232122504967E-03 0.274692413011185E+03 -0.290491976704930E-03 0.552168285658525E+03 0.246067563695348E-02 0.274662730215091E+03 0.246678071847284E-02 0.609603114901825E+03 
0.644321479957984E+03 0.684011881753613E-02 0.274692483533657E+03 0.684608189937939E-02 0.552168239838785E+03 0.132172583408861E-01 0.274662801206547E+03 0.132192998100949E-01 0.609603139078690E+03 
0.644321501788779E+03 -0.158597320322934E-01 0.274692440099434E+03 -0.158143415766283E-01 0.552168386020291E+03 -0.548120753646332E-02 0.274662757522483E+03 -0.547678910284900E-02 0.609603154750353E+03 
0.644321338351830E+03 -0.276511438696842E-03 0.274692451788004E+03 -0.261658076856658E-03 0.552168136983729E+03 0.248518421292652E-02 0.274662769081298E+03 0.249131768398178E-02 0.609603097678609E+03 
0.644361844950729E+03 -0.284982476613348E-03 0.274699207383195E+03 -0.270293315157217E-03 0.552162571832412E+03 0.247442643524194E-02 0.274669554602442E+03 0.248046342993531E-02 0.609577088678963E+03 
0.644321189065293E+03 -0.282747559538812E-03 0.274692386504756E+03 -0.267961723994250E-03 0.552168137752520E+03 0.247443160816311E-02 0.274662704050818E+03 0.248060090431467E-02 0.609603097407404E+03 
0.644320983444972E+03 -0.280336645938184E-03 0.274692342162359E+03 -0.265598436587670E-03 0.552167760871543E+03 0.247410919507986E-02 0.274662659867016E+03 0.248020673093702E-02 0.609602999947744E+03 
0.644324522601478E+03 -0.281903631125436E-03 0.274706185080793E+03 -0.267164857878798E-03 0.552197424469553E+03 0.246852254216791E-02 0.274676495727624E+03 0.247462135794794E-02 0.609586851068796E+03 
0.644321964883921E+03 -0.294060964511201E-03 0.274692698518914E+03 -0.279295846427282E-03 0.552168605474452E+03 0.249609872718489E-02 0.274663015876529E+03 0.250216562389736E-02 0.609603698388364E+03 
0.644321014351116E+03 0.144654122876492E-01 0.274692342878422E+03 0.144604590216277E-01 0.552167802911511E+03 -0.209534218563088E-01 0.274662660612855E+03 -0.209287120406428E-01 0.609603015575130E+03 
0.644321242696395E+03 -0.287216480437374E-03 0.274692385470681E+03 -0.272426979518575E-03 0.552168087871451E+03 0.249287460514673E-02 0.274662702754387E+03 0.249899459626430E-02 0.609603057014858E+03 
0.644321030346073E+03 -0.277614545135929E-03 0.274692338184171E+03 -0.262849398590506E-03 0.552167829847800E+03 0.247890746013797E-02 0.274662655905429E+03 0.248498466928260E-02 0.609602996069134E+03 
0.644322602226881E+03 -0.275904628808600E-03 0.274692851845544E+03 -0.261146926616195E-03 0.552169283855511E+03 0.247355432235328E-02 0.274663168401873E+03 0.247972160243340E-02 0.609603543290478E+03 
0.644321842338633E+03 -0.286848678298394E-03 0.274692530046670E+03 -0.272123977757200E-03 0.552168647905762E+03 0.246715229129736E-02 0.274662847311573E+03 0.247323672789015E-02 0.609603259317088E+03 
0.644320905627156E+03 0.556903157628720E-02 0.274692358833630E+03 0.557570419184830E-02 0.552167862321048E+03 0.746187886296583E-02 0.274662676919076E+03 0.747270078096411E-02 0.609603008875230E+03 
0.644339716336033E+03 -0.242724386050804E-03 0.274690363012654E+03 -0.227982576595851E-03 0.552165548902853E+03 0.249807076882652E-02 0.274660663467127E+03 0.250416430622969E-02 0.609599244579798E+03 
0.644319763272637E+03 -0.280050490013282E-03 0.274690908202009E+03 -0.265325556988351E-03 0.552174200687945E+03 0.245546440798081E-02 0.274661222149013E+03 0.246147473650152E-02 0.609600387999295E+03 
0.644321665896608E+03 0.703475592059595E-03 0.274692542987002E+03 0.769789340152146E-03 0.552168378342893E+03 0.724719621079869E-02 0.274662860467488E+03 0.727493085494639E-02 0.609603141674241E+03 
0.644320855320648E+03 -0.300378273350928E-03 0.274692302259844E+03 -0.285640279950033E-03 0.552167657593080E+03 0.246045859965889E-02 0.274662620251502E+03 0.246652014106954E-02 0.609602928248922E+03 
0.644321183865518E+03 -0.291300999168297E-03 0.274692376540753E+03 -0.276559150106513E-03 0.552168033867084E+03 0.247002664640487E-02 0.274662694322239E+03 0.247611929242959E-02 0.609603051679012E+03 
0.644320922304289E+03 -0.765486951840242E-02 0.274692324616290E+03 -0.764020047553046E-02 0.552167733381012E+03 -0.742062863630057E-02 0.274662642581144E+03 -0.742843912648277E-02 0.609602968771112E+03 
0.644332061310377E+03 -0.198901887745785E-03 0.274695122423430E+03 -0.183878222863767E-03 0.552166374118584E+03 0.248881735486496E-02 0.274665418740129E+03 0.249492071202066E-02 0.609596513301846E+03 
0.644322092871501E+03 0.245516929529163E-02 0.274692599225986E+03 0.249156452613680E-02 0.552168905894963E+03 0.580195398224410E-02 0.274662915961891E+03 0.582965072470470E-02 0.609603258350178E+03 
0.644262299356087E+03 -0.331898658298408E-03 0.274657612074391E+03 -0.316925723057449E-03 0.552151176533970E+03 0.243779959343792E-02 0.274627936992806E+03 0.244400270697719E-02 0.609566148550521E+03 
0.644321418368791E+03 -0.305887256293242E-03 0.274692428454275E+03 -0.291144056547620E-03 0.552168287112599E+03 0.246012440959105E-02 0.274662746200405E+03 0.246623451591327E-02 0.609603233808978E+03 
0.644320868242277E+03 -0.310879008312469E-03 0.274692317875952E+03 -0.296132203271662E-03 0.552167661728363E+03 0.245982714343420E-02 0.274662635921730E+03 0.246594818632679E-02 0.609602954406625E+03 
0.644321287627147E+03 0.334967323611888E-02 0.274692420578141E+03 0.337948411530971E-02 0.552168120876713E+03 0.790057099197467E-02 0.274662738283342E+03 0.789637462519415E-02 0.609603094931504E+03 
0.644331773367256E+03 -0.309704791421975E-03 0.274689478983193E+03 -0.294994095448690E-03 0.552157795858819E+03 0.245712132348681E-02 0.274659769607973E+03 0.246321097798812E-02 0.609599391619088E+03 
0.644321266575265E+03 -0.313145582838113E-03 0.274692422781325E+03 -0.298436227740374E-03 0.552168068844925E+03 0.245810810288506E-02 0.274662740638473E+03 0.246421852424568E-02 0.609603088482590E+03 
0.644320858128223E+03 -0.309148647816459E-03 0.274692319289380E+03 -0.294413118849305E-03 0.552167629568370E+03 0.246021194138931E-02 0.274662637290132E+03 0.246632410744858E-02 0.609602954506385E+03 
0.644308781148853E+03 -0.284749382282574E-03 0.274688003240863E+03 -0.270077389854868E-03 0.552175285488099E+03 0.248278663578395E-02 0.274658326218359E+03 0.248892033723233E-02 0.609609300854773E+03 
0.644320905465329E+03 0.142090261271568E-01 0.274692332120362E+03 0.141649922589644E-01 0.552167662156623E+03 0.212566804036537E-01 0.274662649768733E+03 0.212849077403500E-01 0.609602948570599E+03 
0.644316827068805E+03 -0.290310096616530E-03 0.274689575905349E+03 -0.275615712795394E-03 0.552171918040668E+03 0.248096755739333E-02 0.274659887317603E+03 0.248704676361466E-02 0.609602337875674E+03 
0.644320629731236E+03 -0.189673007386891E-02 0.274692214625432E+03 -0.183866252278729E-02 0.552167450927330E+03 0.109898113808987E-02 0.274662532898204E+03 0.110394128322033E-02 0.609602904180719E+03 
0.644321283666466E+03 -0.215325575370783E-03 0.274692391961853E+03 -0.200477606754047E-03 0.552168153879860E+03 0.249928917600064E-02 0.274662709199910E+03 0.250528806320602E-02 0.609603045812682E+03 
0.644320991465939E+03 -0.252990672220726E-03 0.274692360523737E+03 -0.238160248901724E-03 0.552167746056414E+03 0.248478530242828E-02 0.274662678114336E+03 0.249086613073694E-02 0.609603041318136E+03 
0.644326264792564E+03 -0.258824109238658E-03 0.274698032746620E+03 -0.244044101545434E-03 0.552166956431419E+03 0.248593957745197E-02 0.274668342560263E+03 0.249203138530918E-02 0.609607258829577E+03 
0.644321101418849E+03 0.134217050079411E-02 0.274692375106098E+03 0.140594687252732E-02 0.552167852521217E+03 0.652495854324328E-02 0.274662692989626E+03 0.654532459557300E-02 0.609603059834556E+03 
0.644321202463855E+03 -0.292517739927788E-03 0.274692390753182E+03 -0.277820121082986E-03 0.552168018971231E+03 0.247270969691383E-02 0.274662708209643E+03 0.247881803529550E-02 0.609603042604781E+03 
0.644320861315355E+03 -0.297723810105302E-03 0.274692314434528E+03 -0.283041804907605E-03 0.552167648178970E+03 0.246911169028112E-02 0.274662632399071E+03 0.247522396738712E-02 0.609602955114947E+03 
0.644321324091039E+03 -0.277627440532909E-03 0.274692415085663E+03 -0.262867067924787E-03 0.552168159268803E+03 0.248086288865193E-02 0.274662732355489E+03 0.248695318574746E-02 0.609603071703878E+03 
0.644320973602938E+03 -0.273689570577396E-03 0.274692343114531E+03 -0.258945221287077E-03 0.552167767983971E+03 0.247821617912182E-02 0.274662660825194E+03 0.248428174834881E-02 0.609602993345414E+03 
0.644321206095219E+03 -0.259882176261288E-03 0.274692389667911E+03 -0.245108043443916E-03 0.552168037650703E+03 0.248813608468149E-02 0.274662707431461E+03 0.249421824595741E-02 0.609603066904677E+03 
0.644320925557809E+03 -0.261432315017488E-03 0.274692332387857E+03 -0.246673570055994E-03 0.552167703419929E+03 0.247606750321052E-02 0.274662650357120E+03 0.248216287015687E-02 0.609602983299653E+03 
0.644320317229256E+03 -0.916340317245423E-02 0.274691952504227E+03 -0.913653690215990E-02 0.552166750309073E+03 0.128209446498886E-01 0.274662270863275E+03 0.128453155678905E-01 0.609602126636931E+03 
0.644274727319183E+03 -0.207540542436691E-04 0.274669521738262E+03 -0.635206569816839E-05 0.552099791901272E+03 0.217421699336215E-02 0.274639869806964E+03 0.217976317310576E-02 0.609553814369956E+03 
0.644321293547862E+03 -0.156196905869237E-02 0.274692387957189E+03 -0.156485702961547E-02 0.552168273546259E+03 -0.588422879787665E-02 0.274662705476757E+03 -0.590285833586672E-02 0.609603225133698E+03 
0.644316617284981E+03 -0.259220508873994E-03 0.274691557974138E+03 -0.244297920422929E-03 0.552181542176358E+03 0.249677275929688E-02 0.274661884940333E+03 0.250298770737847E-02 0.609610771705842E+03 
0.644324490129154E+03 -0.276547461133216E-03 0.274690112659957E+03 -0.261766819853277E-03 0.552172241643693E+03 0.247892013407070E-02 0.274660426602107E+03 0.248502183921770E-02 0.609607051050265E+03 
0.644320883101668E+03 -0.295771457625538E-02 0.274692298316750E+03 -0.291990204676148E-02 0.552167727892178E+03 0.786858131273806E-02 0.274662616320816E+03 0.791003177216330E-02 0.609602926018681E+03 
0.644321228924489E+03 -0.279999696989902E-03 0.274692407668595E+03 -0.265246862061890E-03 0.552168058572710E+03 0.244401012462441E-02 0.274662725295071E+03 0.245010189614088E-02 0.609603079713528E+03 
0.644321194877405E+03 -0.273135605512698E-03 0.274692388347305E+03 -0.258385610753024E-03 0.552168020382473E+03 0.247771193433759E-02 0.274662706093576E+03 0.248378311198238E-02 0.609603045648567E+03 
0.644320214121250E+03 -0.282417682423148E-03 0.274692539777947E+03 -0.267718727957869E-03 0.552169504087691E+03 0.247338657518735E-02 0.274662852957756E+03 0.247940737820168E-02 0.609601865938432E+03 
0.644321979436273E+03 -0.104894741854899E-02 0.274692715484571E+03 -0.105803521781635E-02 0.552168652100742E+03 0.149025970246254E-02 0.274663032861138E+03 0.146502334311902E-02 0.609603694419786E+03 
0.644320957357641E+03 -0.261108984720644E-03 0.274692330058179E+03 -0.246413925148663E-03 0.552167766045782E+03 0.247327538798635E-02 0.274662647827134E+03 0.247933124152609E-02 0.609602967675860E+03 
0.644321247166741E+03 -0.263888077116972E-03 0.274692391536771E+03 -0.249126361811854E-03 0.552168093486899E+03 0.248691617971894E-02 0.274662709047915E+03 0.249299626146143E-02 0.609603064545818E+03 
0.644320902510079E+03 -0.268027813933247E-03 0.274692304705207E+03 -0.253273573555667E-03 0.552167727364878E+03 0.248416288123387E-02 0.274662622728762E+03 0.249025005860501E-02 0.609602952089570E+03 
0.644321223884944E+03 -0.275718275572146E-03 0.274692386874773E+03 -0.260962486449340E-03 0.552168080122725E+03 0.247863352857605E-02 0.274662704667342E+03 0.248471607742178E-02 0.609603072092354E+03 
0.644320948152014E+03 -0.274659236191604E-03 0.274692328341222E+03 -0.259893062987187E-03 0.552167757526378E+03 0.247736387623925E-02 0.274662646312920E+03 0.248343990017616E-02 0.609602968559967E+03 
0.644321482189394E+03 -0.296481489678454E-03 0.274692463208540E+03 -0.281763801663820E-03 0.552168316570167E+03 0.246962721224841E-02 0.274662780804083E+03 0.247573847736847E-02 0.609603147308304E+03 
0.644330017121409E+03 -0.276190715118551E-03 0.274693450498244E+03 -0.261434184447096E-03 0.552162031578942E+03 0.247736851695787E-02 0.274663751257440E+03 0.248344577416760E-02 0.609594750224520E+03 
0.644321170341590E+03 -0.305547052150654E-02 0.274692391789061E+03 -0.302202350710429E-02 0.552167938274006E+03 0.160232299478169E-03 0.274662709213806E+03 0.169024410932967E-03 0.609603033110640E+03 
0.644320551264396E+03 -0.294105907424478E-03 0.274694752186991E+03 -0.279442691173222E-03 0.552179234204947E+03 0.247994363325783E-02 0.274665076977494E+03 0.248610815654198E-02 0.609599969412675E+03 
0.644320979057544E+03 0.428001544248946E-03 0.274692307651443E+03 0.436349272241669E-03 0.552167802225481E+03 0.136765783565527E-02 0.274662625654467E+03 0.138201864689337E-02 0.609602935357886E+03 
0.644321182188969E+03 0.469029154969593E-02 0.274692384251035E+03 0.470933353989570E-02 0.552167983041809E+03 0.439893519077169E-02 0.274662701780400E+03 0.442848332578031E-02 0.609603024524901E+03 
0.644320955463143E+03 -0.271412294876752E-03 0.274692332538369E+03 -0.256668964975812E-03 0.552167776207649E+03 0.249323714398638E-02 0.274662650061320E+03 0.249940655257686E-02 0.609602982034318E+03 
0.644320379699032E+03 -0.267216905691341E-03 0.274692064508857E+03 -0.252468960548421E-03 0.552167890074618E+03 0.248577974396840E-02 0.274662375992013E+03 0.249192207387771E-02 0.609602935290983E+03 
0.644329467830130E+03 -0.283531274525961E-03 0.274695558126972E+03 -0.268785283519750E-03 0.552170107014276E+03 0.248163527205165E-02 0.274665928420062E+03 0.248768827934345E-02 0.609604373047655E+03 
0.644320980738170E+03 -0.139534013527319E-03 0.274692399071778E+03 -0.125083465300975E-03 0.552167919621693E+03 0.243152137925516E-02 0.274662716476845E+03 0.243832297264159E-02 0.609602977676062E+03 
0.644321405519791E+03 -0.385395786634794E-02 0.274692281313482E+03 -0.383091893570314E-02 0.552167782127086E+03 0.402030072945292E-02 0.274662599038828E+03 0.400662364573017E-02 0.609603134952119E+03 
0.644325718883411E+03 -0.108741005960975E-03 0.274689592916176E+03 -0.943130276114047E-04 0.552161981198551E+03 0.242804838516086E-02 0.274659919657156E+03 0.243498210283968E-02 0.609604633819753E+03 
0.644321241447258E+03 -0.262232932072778E-03 0.274692406795841E+03 -0.247436676434054E-03 0.552167991579856E+03 0.249726110703749E-02 0.274662724115642E+03 0.250329130775470E-02 0.609603101193886E+03 
0.644320817451972E+03 -0.295271105086288E-03 0.274692316819480E+03 -0.280568162536765E-03 0.552167566890909E+03 0.247338955224886E-02 0.274662634070443E+03 0.247946369803121E-02 0.609602981111816E+03 
0.644321284330789E+03 -0.270729280198863E-03 0.274692482390396E+03 -0.256041305800530E-03 0.552167941401208E+03 0.249185048749019E-02 0.274662800118774E+03 0.249790408782619E-02 0.609603195238970E+03 
0.644274854515726E+03 -0.272323690010192E-03 0.274666298198689E+03 -0.257641089244474E-03 0.552152514886911E+03 0.249232042419798E-02 0.274636595884999E+03 0.249836575417268E-02 0.609563551905287E+03 
0.644321305702257E+03 -0.376717852578420E-02 0.274692422693372E+03 -0.372790932675873E-02 0.552167961932016E+03 -0.473052866945617E-02 0.274662740113225E+03 -0.470326328124087E-02 0.609603177535054E+03 
0.644334773493955E+03 -0.518181618224651E-03 0.274696218524140E+03 -0.503888191939145E-03 0.552164536764761E+03 0.234821165916218E-02 0.274666552892537E+03 0.235322133047495E-02 0.609603676913801E+03 
0.644320695543680E+03 -0.728571225484890E-02 0.274692253925696E+03 -0.728037563948686E-02 0.552168123054220E+03 -0.152986245487261E-02 0.274662571152986E+03 -0.155628072486679E-02 0.609603010694310E+03 
0.644320893109756E+03 -0.324343184706834E-03 0.274692314683872E+03 -0.309664584532000E-03 0.552167704803244E+03 0.246915575541029E-02 0.274662632620487E+03 0.247530724758100E-02 0.609602953719653E+03 
0.644321318967429E+03 -0.282328272266702E-03 0.274692425088567E+03 -0.267587232369431E-03 0.552168140012771E+03 0.247900614351667E-02 0.274662742535820E+03 0.248512703436121E-02 0.609603092735193E+03 
0.644320772441049E+03 -0.280700943978696E-03 0.274692286564558E+03 -0.266028400357978E-03 0.552167592080605E+03 0.247888602710227E-02 0.274662604407313E+03 0.248499865209685E-02 0.609602913731392E+03 
0.644321404274511E+03 -0.273701000166032E-03 0.274692445554836E+03 -0.258902436147904E-03 0.552168242954421E+03 0.247873890620886E-02 0.274662762808761E+03 0.248483378881979E-02 0.609603144286520E+03 
0.644321326960903E+03 -0.256572028386578E-03 0.274698337776871E+03 -0.241724964129136E-03 0.552182136762888E+03 0.249216489787958E-02 0.274668671629742E+03 0.249824324184058E-02 0.609620072768729E+03 
0.644321148136917E+03 0.920286242075923E-02 0.274692353315529E+03 0.926487496999513E-02 0.552167912323710E+03 0.879416215599518E-02 0.274662670686762E+03 0.878762419804436E-02 0.609602886034728E+03 
0.644320959987794E+03 -0.291817269417777E-03 0.274692331742465E+03 -0.277051318853308E-03 0.552167753660685E+03 0.247152094079370E-02 0.274662649290503E+03 0.247773566534589E-02 0.609602973970667E+03 
0.644321252344791E+03 -0.293499597230875E-03 0.274692389515869E+03 -0.278669038755119E-03 0.552168109438804E+03 0.247166731559707E-02 0.274662706888748E+03 0.247784888368395E-02 0.609603060753942E+03 
0.644320809905125E+03 0.127933408800473E-01 0.274692301113167E+03 0.127904001709565E-01 0.552167636945804E+03 0.180658632516308E-01 0.274662618586822E+03 0.180904962752867E-01 0.609602961210195E+03 
0.644340772556280E+03 -0.275734232851085E-03 0.274698868270749E+03 -0.261029406891023E-03 0.552163677875494E+03 0.250339267308995E-02 0.274669171807534E+03 0.250952216949844E-02 0.609595119128811E+03 
0.644320627351728E+03 -0.278847234622148E-03 0.274692215964931E+03 -0.264074952334257E-03 0.552167509482752E+03 0.247589237485193E-02 0.274662534012672E+03 0.248198695919171E-02 0.609602867657470E+03 
0.644321403257753E+03 0.254429810922972E-02 0.274692423891803E+03 0.261231013130037E-02 0.552168275049521E+03 0.446119564818134E-02 0.274662741516460E+03 0.446439391011353E-02 0.609603074850507E+03 
0.644320745276375E+03 -0.236248957956772E-03 0.274692279288757E+03 -0.220960953355687E-03 0.552167520841687E+03 0.251828462977628E-02 0.274662597069178E+03 0.252435597477603E-02 0.609602931998627E+03 
0.644329498757757E+03 -0.269379128199682E-03 0.274696312217158E+03 -0.254572395527217E-03 0.552166688688974E+03 0.249380073188301E-02 0.274666630193935E+03 0.249989002534012E-02 0.609602198755139E+03 
0.644320964131368E+03 -0.132650856895146E-02 0.274692330239903E+03 -0.120252336141371E-02 0.552167854255797E+03 0.110221305608853E-01 0.274662647423662E+03 0.110257160295108E-01 0.609602993271291E+03 
0.644319158092293E+03 -0.281937129648576E-03 0.274686119573171E+03 -0.267081177489693E-03 0.552146994002399E+03 0.248343464922603E-02 0.274656432504314E+03 0.248948931375123E-02 0.609583882396753E+03 
0.644321322414078E+03 -0.278469002136657E-03 0.274692421698569E+03 -0.263703700517925E-03 0.552168122913286E+03 0.247974599828351E-02 0.274662739424707E+03 0.248584046173112E-02 0.609603088503707E+03 
0.644321219771237E+03 -0.282494995018772E-03 0.274692401279244E+03 -0.267761654307550E-03 0.552168039450799E+03 0.247402487979465E-02 0.274662718988311E+03 0.248011294622118E-02 0.609603063570847E+03 
0.644314712695087E+03 -0.243465272395113E-03 0.274691530991200E+03 -0.228725889658938E-03 0.552170239869066E+03 0.251440435867931E-02 0.274661825360150E+03 0.252040553349862E-02 0.609608004788527E+03 
0.644321359125939E+03 0.595707777260055E-02 0.274692462056015E+03 0.596923288541239E-02 0.552168026510302E+03 0.906820187234033E-02 0.274662779517941E+03 0.905888115833148E-02 0.609603040461251E+03 
0.644321066651415E+03 -0.278835845993431E-03 0.274692281094501E+03 -0.264186998785407E-03 0.552167959103122E+03 0.247366372749454E-02 0.274662598921152E+03 0.247976863451648E-02 0.609602906452296E+03 
0.644321134800125E+03 -0.282427829910859E-03 0.274692335715220E+03 -0.267652291276397E-03 0.552167994647623E+03 0.247472713879099E-02 0.274662653196110E+03 0.248082876466623E-02 0.609602969018685E+03 
0.644321797480972E+03 -0.275405977963809E-03 0.274692559036662E+03 -0.260615854786206E-03 0.552168602658089E+03 0.250018759250653E-02 0.274662875912515E+03 0.250631236488276E-02 0.609603520243955E+03 
0.644321272277003E+03 -0.280151159894803E-03 0.274692464362160E+03 -0.265444412454834E-03 0.552168096735768E+03 0.245064129188733E-02 0.274662770598270E+03 0.245663173903983E-02 0.609603130107351E+03 
0.644558020660077E+03 -0.255112860218232E-03 0.274874545556855E+03 -0.239321273814627E-03 0.552289990207423E+03 0.277606432466922E-02 0.274844846942644E+03 0.278287992397439E-02 0.609823666686914E+03 
0.644322589245557E+03 -0.488811463564114E-02 0.274693521569475E+03 -0.500595205235438E-02 0.552168822063159E+03 -0.426748220924457E-01 0.274663837364641E+03 -0.427767321924978E-01 0.609604506205211E+03 
0.644320923810782E+03 -0.270551539336327E-03 0.274692339990035E+03 -0.255825222389091E-03 0.552167694648691E+03 0.244383643177206E-02 0.274662657488094E+03 0.244989897292784E-02 0.609602984629608E+03 
0.644321041795050E+03 -0.283429558106451E-03 0.274692361320515E+03 -0.268687014142279E-03 0.552167836374157E+03 0.247383876163342E-02 0.274662677835916E+03 0.247994384338266E-02 0.609603014676809E+03 
0.644321411602217E+03 -0.275918194753376E-03 0.274692465011720E+03 -0.261215365445030E-03 0.552168208693366E+03 0.247827240336243E-02 0.274662782443271E+03 0.248436397504823E-02 0.609603139374351E+03 
0.644321283027441E+03 -0.285331598104587E-03 0.274692425832076E+03 -0.270597356046739E-03 0.552168101103928E+03 0.247436386903849E-02 0.274662742506696E+03 0.248045326948941E-02 0.609603097261696E+03 
0.644321210321465E+03 0.152084328615520E-01 0.274692347665516E+03 0.153070704414986E-01 0.552168172264850E+03 0.504412025378865E-02 0.274662665116631E+03 0.507692621055557E-02 0.609603023517430E+03 
0.644258457581335E+03 -0.297376975662595E-03 0.274641884921085E+03 -0.282824480410275E-03 0.552179025468518E+03 0.248365648453918E-02 0.274612221440623E+03 0.248971422231303E-02 0.609552421031235E+03 
0.644321223183357E+03 -0.289336220540263E-03 0.274692346104809E+03 -0.275613017453185E-03 0.552168311432311E+03 0.248081240757814E-02 0.274662663687115E+03 0.248693485254772E-02 0.609603043578813E+03 
0.644321227959060E+03 -0.258878432068742E-03 0.274692403948841E+03 -0.244371839792957E-03 0.552168127898419E+03 0.246614103158540E-02 0.274662719084371E+03 0.247215642945620E-02 0.609603073668933E+03 
0.644329999651742E+03 -0.404726937579524E-03 0.274631342868612E+03 -0.388139181501010E-03 0.552347174799175E+03 0.256103052306597E-02 0.274601648819542E+03 0.256756226452230E-02 0.609612937023311E+03 
0.644321163889631E+03 0.395510180468468E-01 0.274692147324815E+03 0.392402048218507E-01 0.552169069906034E+03 -0.202104874682087E-01 0.274662458772338E+03 -0.203320275654190E-01 0.609603043914871E+03 
0.644340922001845E+03 -0.153881474639316E-02 0.274698129056241E+03 -0.151824021421663E-02 0.552166360968060E+03 0.583841817742911E-03 0.274668447124917E+03 0.582666314611942E-03 0.609595502268247E+03 
0.644323263276505E+03 0.121891433247319E-01 0.274693032871731E+03 0.121483742469355E-01 0.552167837065040E+03 0.214291855159025E-01 0.274663350085516E+03 0.215098134653373E-01 0.609602359963297E+03 
0.644321534523412E+03 0.434561294717176E-02 0.274694263601410E+03 0.418624585600359E-02 0.552167568879806E+03 0.186843516253548E-01 0.274664576470285E+03 0.189139931718014E-01 0.609605347028685E+03 
0.644314468744416E+03 0.104901384134693E-03 0.274676383405161E+03 0.101803734974642E-03 0.552164451620371E+03 0.406964544403726E-02 0.274646671319920E+03 0.409879880421342E-02 0.609582665392249E+03 
0.644320887898185E+03 -0.224555573456425E-03 0.274692425276694E+03 -0.209917676985759E-03 0.552167616303084E+03 0.251708892828731E-02 0.274662721507806E+03 0.252341041067209E-02 0.609603044384617E+03 
0.644320934873663E+03 -0.334951835873866E-03 0.274692375145940E+03 -0.323057918857058E-03 0.552167814061429E+03 0.241267149150593E-02 0.274662691657407E+03 0.241835042780699E-02 0.609603031126291E+03 
0.644320461538152E+03 -0.146127495939179E-03 0.274692119727965E+03 -0.131208858667398E-03 0.552168024610845E+03 0.258962226762960E-02 0.274662437415680E+03 0.259567237771100E-02 0.609603058232871E+03 
0.644321105972451E+03 -0.385943317918797E-03 0.274692406153423E+03 -0.371358791231701E-03 0.552167538397323E+03 0.229836039639314E-02 0.274662724064277E+03 0.230427398033141E-02 0.609602922624420E+03 
0.644292239062808E+03 -0.166664552196593E-02 0.274680049730672E+03 -0.165412911435357E-02 0.552182931841967E+03 0.829224319739001E-03 0.274650369275895E+03 0.834566528958470E-03 0.609605745283676E+03 
0.644323119346896E+03 -0.178492762215606E-01 0.274693349028818E+03 -0.178665750079145E-01 0.552166756874554E+03 -0.183841650529717E-01 0.274663666305795E+03 -0.183866875655946E-01 0.609603004754922E+03 
0.644322003040378E+03 -0.632865428535043E-03 0.274692798564545E+03 -0.618680585843021E-03 0.552167442344897E+03 0.206818208842987E-02 0.274663116162086E+03 0.207400701127905E-02 0.609603029059732E+03 
0.644319524583767E+03 0.198081412606808E-02 0.274691642989803E+03 0.199997941787769E-02 0.552168599502642E+03 0.516898845770561E-02 0.274661960636084E+03 0.517616872644636E-02 0.609602987087547E+03 
0.644321540175832E+03 0.411879164631615E-02 0.274692522479778E+03 0.415378907005822E-02 0.552168648215334E+03 -0.164994320124793E-01 0.274662839382568E+03 -0.165606924912710E-01 0.609603616013117E+03 
0.644335506823026E+03 -0.380525641096641E-03 0.274694332742477E+03 -0.365826462873365E-03 0.552209883715459E+03 0.292929563600537E-02 0.274664603811621E+03 0.293696078825459E-02 0.609629430660659E+03 
0.644322473889576E+03 -0.259651733366912E-01 0.274694347057781E+03 -0.259193430372790E-01 0.552165268553247E+03 0.540104899162374E-02 0.274664664669998E+03 0.544485029920329E-02 0.609604073815172E+03 
0.644322033221974E+03 -0.432234495320920E-02 0.274693905199719E+03 -0.430276684302577E-02 0.552165658989046E+03 0.288585736107255E-02 0.274664222770343E+03 0.289757522649281E-02 0.609603766850637E+03 
0.644315691078084E+03 0.986934646750147E-03 0.274684395078590E+03 0.100019666102032E-02 0.552178509371184E+03 0.238300053217015E-02 0.274654712407604E+03 0.238738777759784E-02 0.609599010377871E+03 
0.644342654602030E+03 0.167453634994744E-02 0.274726087900047E+03 0.168712157387043E-02 0.552121724315702E+03 0.234866158359395E-02 0.274696405592641E+03 0.235220743498518E-02 0.609619985203162E+03 
0.644321887622729E+03 -0.131601498207508E-02 0.274692900493277E+03 -0.129990060251121E-02 0.552168000285120E+03 0.201914249136912E-02 0.274663217874882E+03 0.202626958685265E-02 0.609603427353516E+03 
0.644322645356827E+03 0.193851011802318E-01 0.274693389552258E+03 0.193736849869865E-01 0.552168067363436E+03 0.113926830994899E-01 0.274663706909228E+03 0.113790554781015E-01 0.609603692045137E+03 
0.644317205945373E+03 -0.753899515642819E-03 0.274689945021664E+03 -0.738305711146238E-03 0.552167175314145E+03 0.216763134197102E-02 0.274660262966118E+03 0.217429723000879E-02 0.609601456747828E+03 
0.644411828539973E+03 -0.567034683079198E-03 0.274751144777619E+03 -0.551804227825631E-03 0.552179735941063E+03 0.230365459917675E-02 0.274721452693590E+03 0.231006526610105E-02 0.609639403585025E+03 
0.644319829483249E+03 -0.200249716750919E-01 0.274692053262174E+03 -0.200266549543117E-01 0.552166324452063E+03 0.315751205814334E-01 0.274662370755910E+03 0.315986986584246E-01 0.609601894602375E+03 
0.644319753500606E+03 -0.645156643148890E-03 0.274692025987898E+03 -0.630806245530250E-03 0.552166330833291E+03 0.301709703261043E-02 0.274662343499712E+03 0.302347012262932E-02 0.609601819396385E+03 
0.644387197360491E+03 -0.673008581112705E-03 0.274713884734740E+03 -0.658622873992635E-03 0.552234871858985E+03 0.312394571074348E-02 0.274684200894659E+03 0.313040458356617E-02 0.609663143821148E+03 
0.644321770222225E+03 -0.306032031490551E-03 0.274692596540064E+03 -0.291312526572046E-03 0.552168649665634E+03 0.250106719220891E-02 0.274662914204417E+03 0.250719353329935E-02 0.609603736697415E+03 
