0.644321965733586E+03 -0.281322460291767E-03 0.274692711387532E+03 -0.266572711619419E-03 0.552168628803227E+03 0.247614020431190E-02 0.274663028729909E+03 0.248222343045924E-02 0.609603680042690E+03 
0.644323275284208E+03 -0.289739584802246E-03 0.274693058446143E+03 -0.274983668852136E-03 0.552169908665196E+03 0.246997371358027E-02 0.274663375108101E+03 0.247604538293185E-02 0.609604093554410E+03 
0.644321087700784E+03 -0.276937534181698E-03 0.274692359546882E+03 -0.262183187730796E-03 0.552167967971340E+03 0.247801195443574E-02 0.274662676952619E+03 0.248410001427028E-02 0.609603035409410E+03 
0.644328649616886E+03 -0.264236257456956E-03 0.274696157999423E+03 -0.249480185090060E-03 0.552166259711182E+03 0.248558657786820E-02 0.274666489574030E+03 0.249166784697536E-02 0.609612120401896E+03 
0.644321276689155E+03 -0.292284300034648E-03 0.274692330130751E+03 -0.277536690842725E-03 0.552168150088208E+03 0.246902198123248E-02 0.274662647426411E+03 0.247511721761957E-02 0.609602977584319E+03 
0.644321551992100E+03 -0.739061590293321E-02 0.274692536124288E+03 -0.736708371193442E-02 0.552168354124150E+03 -0.825637606216301E-02 0.274662853679700E+03 -0.824625626629252E-02 0.609603229508378E+03 
0.644321377653825E+03 0.152774068801348E-01 0.274692358680046E+03 0.152615251266225E-01 0.552168248571398E+03 0.104189366281863E-01 0.274662676403957E+03 0.104267337697925E-01 0.609603031476065E+03 
0.644321596575693E+03 -0.267970199756965E-03 0.274692547785804E+03 -0.253318495089364E-03 0.552168392649933E+03 0.247775525133451E-02 0.274662864914362E+03 0.248376524295365E-02 0.609603234121058E+03 
0.644281276171679E+03 -0.290795489136995E-03 0.274685678907550E+03 -0.276002362881911E-03 0.552174228691513E+03 0.247258487119410E-02 0.274655966280570E+03 0.247875700926320E-02 0.609629170519720E+03 
0.644321833189916E+03 -0.278083704088671E-03 0.274692639126969E+03 -0.263371179493711E-03 0.552168495441772E+03 0.247668344662138E-02 0.274662956182419E+03 0.248269354734918E-02 0.609603280421592E+03 
0.644321065254924E+03 -0.275737596163345E-03 0.274692374408397E+03 -0.260983690997231E-03 0.552167881483930E+03 0.248253992873828E-02 0.274662691867927E+03 0.248862450022005E-02 0.609603012820391E+03 
0.644317536892559E+03 -0.325505328320717E-03 0.274678284814090E+03 -0.310732980183998E-03 0.552138447572071E+03 0.245693588943437E-02 0.274648608958743E+03 0.246307310372180E-02 0.609618411627014E+03 
0.644321973985728E+03 -0.268889362938654E-03 0.274692723708385E+03 -0.254155386663845E-03 0.552168659377295E+03 0.245614418828595E-02 0.274663041255155E+03 0.246224281753869E-02 0.609603669611685E+03 
0.644320982345809E+03 -0.150276682088663E-01 0.274692339520871E+03 -0.149932505353704E-01 0.552167790016950E+03 0.259060768098522E-01 0.274662657034017E+03 0.258935445723946E-01 0.609602994512002E+03 
0.644321215854303E+03 -0.269814690340094E-03 0.274692379058491E+03 -0.255097654177542E-03 0.552168067009824E+03 0.245931517509564E-02 0.274662696583676E+03 0.246536566923095E-02 0.609603047099407E+03 
0.644320986319426E+03 -0.274168686051793E-03 0.274692331900788E+03 -0.259431873608115E-03 0.552167790414810E+03 0.247699448371843E-02 0.274662649416337E+03 0.248307390308666E-02 0.609602981765515E+03 
0.644321211530236E+03 -0.282201829620037E-03 0.274692382619726E+03 -0.267448814859646E-03 0.552168051147263E+03 0.247655996164598E-02 0.274662700159866E+03 0.248264871733618E-02 0.609603044394154E+03 
0.644319370320508E+03 -0.236732292444587E-03 0.274691929928581E+03 -0.221945271783987E-03 0.552166191400596E+03 0.249844011344931E-02 0.274662248343650E+03 0.250449997697946E-02 0.609602488533886E+03 
0.644321004553522E+03 -0.612177371696667E-02 0.274692272147975E+03 -0.609892494327207E-02 0.552167746816935E+03 -0.250546954795519E-02 0.274662590035055E+03 -0.250414884506202E-02 0.609602896508015E+03 
0.644302470029661E+03 -0.280778401658694E-03 0.274694367718820E+03 -0.265972355043200E-03 0.552170269984617E+03 0.247084796293998E-02 0.274664703080899E+03 0.247688320354033E-02 0.609606824685379E+03 
0.644322234834829E+03 -0.242279452867907E-03 0.274693771716317E+03 -0.227445167239269E-03 0.552161420132909E+03 0.250636077874717E-02 0.274664093702933E+03 0.251245742896492E-02 0.609605593501104E+03 
0.644321269080243E+03 -0.133516866771575E-02 0.274692411104548E+03 -0.137188306125071E-02 0.552168094457590E+03 -0.227444253615067E-02 0.274662728905534E+03 -0.228966167607177E-02 0.609603082657082E+03 
0.644320914968498E+03 -0.237751950979845E-03 0.274692324497768E+03 -0.222994301254287E-03 0.552167709112196E+03 0.249731274888991E-02 0.274662642434891E+03 0.250337938583521E-02 0.609602972585395E+03 
0.644321209227272E+03 -0.255697676168243E-03 0.274692381466603E+03 -0.240930487877551E-03 0.552168057337830E+03 0.248933509371364E-02 0.274662699213763E+03 0.249539886439759E-02 0.609603048976877E+03 
0.644321006032893E+03 0.710929033796979E-02 0.274692352651935E+03 0.712409361111742E-02 0.552167780204390E+03 0.123800952097618E-01 0.274662670454570E+03 0.124000792981553E-01 0.609602988004134E+03 
0.644311827433977E+03 -0.253195470168451E-03 0.274690096659979E+03 -0.238419947738102E-03 0.552171071791867E+03 0.249117082409298E-02 0.274660434925169E+03 0.249724264642207E-02 0.609609960941903E+03 
0.644320924599342E+03 -0.317244979111885E-02 0.274692325666891E+03 -0.317993973867952E-02 0.552167710541692E+03 -0.881152399978419E-03 0.274662643438078E+03 -0.896546239395464E-03 0.609602968570495E+03 
0.644379714958578E+03 -0.215291365659146E-03 0.274727087341551E+03 -0.200562569621916E-03 0.552184458625860E+03 0.250417413144723E-02 0.274697398116811E+03 0.251016589846827E-02 0.609639752815587E+03 
0.644320876197900E+03 -0.230150266560977E-03 0.274692326021073E+03 -0.215356454920717E-03 0.552167643060174E+03 0.249914328318006E-02 0.274662643963532E+03 0.250516906736525E-02 0.609602854058206E+03 
0.644321320201020E+03 -0.251117302233684E-03 0.274692408039600E+03 -0.236355639950789E-03 0.552168160846749E+03 0.248874956243987E-02 0.274662725744534E+03 0.249480505700920E-02 0.609603082068427E+03 
0.644320840284970E+03 -0.389141318483774E-02 0.274692294663308E+03 -0.389166390649836E-02 0.552167640203842E+03 -0.294001547460583E-02 0.274662612599690E+03 -0.292364838905668E-02 0.609602934273434E+03 
0.644310450145761E+03 -0.240647520364483E-03 0.274695275427145E+03 -0.225862812245541E-03 0.552178061654025E+03 0.249952642527893E-02 0.274665620439398E+03 0.250560046618128E-02 0.609606697365086E+03 
0.644320912319984E+03 -0.248066948013423E-03 0.274692321062677E+03 -0.233279276043048E-03 0.552167697026122E+03 0.249394536323039E-02 0.274662639105158E+03 0.250001131462224E-02 0.609602949086136E+03 
0.644321295912634E+03 -0.242576050585510E-03 0.274692424943125E+03 -0.227799115717900E-03 0.552168110395258E+03 0.249545029761428E-02 0.274662742752316E+03 0.250150046495263E-02 0.609603095375127E+03 
0.644333330297250E+03 -0.282668509556840E-03 0.274696717155812E+03 -0.267836697396272E-03 0.552160454070827E+03 0.246471050810962E-02 0.274667029928986E+03 0.247075652458665E-02 0.609596721728318E+03 
0.644321201252234E+03 -0.147635008860413E-01 0.274692382509275E+03 -0.146900128312459E-01 0.552168067146279E+03 -0.163001782288757E-01 0.274662700195299E+03 -0.163162027821249E-01 0.609603061650856E+03 
0.644325388160852E+03 -0.266439629546063E-03 0.274695177882788E+03 -0.251630923758767E-03 0.552163887101408E+03 0.247409646681886E-02 0.274665502325090E+03 0.248020680697233E-02 0.609603755469022E+03 
0.644322797139650E+03 0.135736184647983E-02 0.274692832875822E+03 0.132882813940958E-02 0.552169628296642E+03 0.385463853708824E-02 0.274663149572849E+03 0.386174817111294E-02 0.609603547276383E+03 
0.644321174099395E+03 -0.273156535941416E-03 0.274692394877737E+03 -0.258413043984413E-03 0.552167963923901E+03 0.248894380699863E-02 0.274662712443732E+03 0.249504152281309E-02 0.609603045008524E+03 
0.644321015628614E+03 -0.281142768057970E-03 0.274692350331282E+03 -0.266383092304009E-03 0.552167816329188E+03 0.247698886255357E-02 0.274662667789480E+03 0.248308696738936E-02 0.609603004651331E+03 
0.644316055288761E+03 -0.280032223209027E-03 0.274686706997002E+03 -0.265268459094389E-03 0.552169080718263E+03 0.247761250983971E-02 0.274657032683360E+03 0.248369625823860E-02 0.609598766035350E+03 
0.644320913292340E+03 -0.189336939025896E-02 0.274692327806292E+03 -0.192812381472670E-02 0.552167760849543E+03 -0.157325551568545E-02 0.274662645737660E+03 -0.158139471508448E-02 0.609602961764975E+03 
0.644321225813768E+03 -0.263822927598979E-03 0.274692403753713E+03 -0.249010594627832E-03 0.552168037360818E+03 0.248310430230126E-02 0.274662721396603E+03 0.248917147813128E-02 0.609603059243478E+03 
0.644320701024022E+03 -0.300518806550758E-03 0.274692275759847E+03 -0.285809538308916E-03 0.552167479345154E+03 0.246669577182109E-02 0.274662593795043E+03 0.247279972812796E-02 0.609602908384004E+03 
0.644321342350426E+03 -0.284140749206778E-03 0.274692420079847E+03 -0.269379780953521E-03 0.552168191188282E+03 0.247512356329666E-02 0.274662737383101E+03 0.248122522015645E-02 0.609603078879368E+03 
0.644320976139585E+03 -0.268515441367605E-03 0.274692347477428E+03 -0.253756511845073E-03 0.552167745466810E+03 0.248523878291678E-02 0.274662664992249E+03 0.249133386048459E-02 0.609602991615077E+03 
0.644321188855360E+03 -0.272564229287946E-03 0.274692387742959E+03 -0.257806120299315E-03 0.552168033718617E+03 0.247918886957595E-02 0.274662705485170E+03 0.248526959948764E-02 0.609603064978110E+03 
0.644320850123306E+03 -0.293502455294620E-03 0.274692305946304E+03 -0.278755412134053E-03 0.552167646265604E+03 0.247949151503437E-02 0.274662623956834E+03 0.248557282392265E-02 0.609602955525893E+03 
0.644322105688563E+03 0.860603512658180E-02 0.274692833376996E+03 0.860867239619532E-02 0.552169348169956E+03 -0.786564570916425E-02 0.274663150600999E+03 -0.787783536783674E-02 0.609604020028173E+03 
0.644367406499273E+03 -0.514054384625368E-03 0.274715186740937E+03 -0.498912213463698E-03 0.552236010682068E+03 0.278999482129917E-02 0.274685474377658E+03 0.279660265208382E-02 0.609652213367910E+03 
0.644321002123482E+03 0.982270608414241E-03 0.274692373393983E+03 0.101468011377409E-02 0.552167646075759E+03 0.108231916104263E-01 0.274662691092819E+03 0.108540006589402E-01 0.609602848933249E+03 
0.644325559269970E+03 -0.308684163781057E-03 0.274693178146437E+03 -0.294108559943370E-03 0.552154238437832E+03 0.245288503604699E-02 0.274663486545067E+03 0.245885854752413E-02 0.609595283386169E+03 
0.644317708634453E+03 -0.299229917188468E-03 0.274694616837660E+03 -0.284514842010171E-03 0.552163607169520E+03 0.246588379057071E-02 0.274664938571728E+03 0.247196802161372E-02 0.609599008348603E+03 
0.644321296617587E+03 0.240274164240350E-02 0.274692426541173E+03 0.239443910978200E-02 0.552168098928639E+03 -0.291138412265403E-02 0.274662744303882E+03 -0.294065141706826E-02 0.609603134279088E+03 
0.644320994923453E+03 -0.276232666413966E-03 0.274692329774131E+03 -0.261480575775345E-03 0.552167805087801E+03 0.251090468594254E-02 0.274662647656343E+03 0.251698790897376E-02 0.609602967982365E+03 
0.644321004182530E+03 -0.284864222548355E-03 0.274692341832280E+03 -0.270135419047859E-03 0.552167813547142E+03 0.247662227566266E-02 0.274662659689464E+03 0.248272592248098E-02 0.609602985233173E+03 
0.644322312165377E+03 -0.279784515485955E-03 0.274692292042612E+03 -0.264970541587648E-03 0.552166692196987E+03 0.247655620276364E-02 0.274662613595969E+03 0.248272250733568E-02 0.609604330122857E+03 
0.644321036615399E+03 0.504588344930708E-03 0.274692358737728E+03 0.543132885025218E-03 0.552167841647437E+03 0.345479299155275E-02 0.274662676430358E+03 0.349219215303619E-02 0.609603012585997E+03 
0.644321988713306E+03 -0.279898203421258E-03 0.274692722187929E+03 -0.265137495252529E-03 0.552168653672569E+03 0.247633397756527E-02 0.274663039575564E+03 0.248243863104372E-02 0.609603699815005E+03
0.644320981033215E+03 -0.276919228415039E-03 0.274692339088191E+03 -0.262173294870214E-03 0.552167786254918E+03 0.247757733986365E-02 0.274662656572855E+03 0.248365729111111E-02 0.609602985030412E+03
0.644321293003398E+03 -0.276204723241662E-03 0.274692401164128E+03 -0.261458761496264E-03 0.552168153096644E+03 0.247941548436052E-02 0.274662718922682E+03 0.248549350950018E-02 0.609603080439545E+03
0.644320962814153E+03 -0.275078317484323E-03 0.274692326851566E+03 -0.260329269792726E-03 0.552167777838969E+03 0.247894358941972E-02 0.274662644808417E+03 0.248502892823448E-02 0.609602965790666E+03
0.644321265534048E+03 -0.282432678158671E-03 0.274692405885613E+03 -0.267692063831540E-03 0.552168091989915E+03 0.247641991405604E-02 0.274662723559515E+03 0.248251799165151E-02 0.609603076136634E+03
0.644320725009995E+03 -0.260611032575076E-03 0.274692271108097E+03 -0.245843571445052E-03 0.552167521971133E+03 0.248559692044302E-02 0.274662589159016E+03 0.249166079084312E-02 0.609602897711741E+03
0.644312194385230E+03 -0.282649441345380E-03 0.274691299247429E+03 -0.267904675700387E-03 0.552173786270045E+03 0.247654562289881E-02 0.274661633582118E+03 0.248264499805811E-02 0.609611302269671E+03
0.644321047734913E+03 0.249723546902033E-02 0.274692359576615E+03 0.249328250462284E-02 0.552167884467482E+03 0.479387660443390E-02 0.274662677121210E+03 0.479726473593799E-02 0.609603021570034E+03
0.644321641292369E+03 -0.263905874039345E-03 0.274689968669902E+03 -0.249065424314898E-03 0.552156637724962E+03 0.247435072257179E-02 0.274660279706685E+03 0.248036247655510E-02 0.609606079344983E+03
0.644321209427758E+03 -0.984125552585586E-03 0.274692412895987E+03 -0.963183579186899E-03 0.552168063244158E+03 0.358723424870709E-02 0.274662730700283E+03 0.358507826527481E-02 0.609603111381348E+03
0.644321045555699E+03 -0.524952909176321E-02 0.274692361421183E+03 -0.523907796789437E-02 0.552167873470187E+03 0.554180722916074E-03 0.274662678812538E+03 0.536811086962672E-03 0.609603033204752E+03
0.644321266531795E+03 -0.287606189285124E-03 0.274692408305371E+03 -0.272844883873949E-03 0.552168081147069E+03 0.246045531057415E-02 0.274662725798831E+03 0.246646309082987E-02 0.609603073828785E+03
0.644321848297951E+03 -0.291160167209292E-03 0.274692677762152E+03 -0.276403630323435E-03 0.552167976828973E+03 0.246831181610174E-02 0.274663001289412E+03 0.247434400728355E-02 0.609603120854069E+03
0.644312746773291E+03 -0.276519329312270E-03 0.274689181287990E+03 -0.261762526196736E-03 0.552165737070957E+03 0.247112701038550E-02 0.274659445878182E+03 0.247725244542936E-02 0.609601678086635E+03
0.644321236328512E+03 -0.419743492287086E-03 0.274692345965597E+03 -0.404697062856157E-03 0.552167917703321E+03 0.252219503823374E-02 0.274662663549791E+03 0.252756816174587E-02 0.609603080352635E+03
0.644320839450170E+03 0.329647391881919E-02 0.274692471060231E+03 0.330294149774710E-02 0.552168083412182E+03 0.934558125566993E-03 0.274662788217420E+03 0.960412634332964E-03 0.609602932256219E+03
0.644316509095295E+03 -0.444069337528461E-03 0.274695158016629E+03 -0.428985880647402E-03 0.552173861345407E+03 0.252815458276146E-02 0.274665466201274E+03 0.253338975615405E-02 0.609601433125005E+03
0.644320982791650E+03 -0.287908502755118E-03 0.274692338782139E+03 -0.273191696469988E-03 0.552167852686628E+03 0.245976536719406E-02 0.274662656282827E+03 0.246589912784367E-02 0.609602954584064E+03
0.644321418939142E+03 -0.266674874881225E-03 0.274692425329451E+03 -0.251868718251159E-03 0.552168298582661E+03 0.247928618819165E-02 0.274662742469004E+03 0.248538998205258E-02 0.609603071395257E+03
0.644320913290736E+03 -0.289637557293404E-03 0.274692251723822E+03 -0.274838133051443E-03 0.552167875075889E+03 0.246175873061223E-02 0.274662568999631E+03 0.246788422239036E-02 0.609602838200138E+03
0.644367349825101E+03 -0.285546642093209E-03 0.274718437507849E+03 -0.270722760995493E-03 0.552183312368236E+03 0.246212709761958E-02 0.274688774911298E+03 0.246825782656604E-02 0.609642487702186E+03
0.644320882277802E+03 0.320914790470125E-02 0.274692308260012E+03 0.319927608161811E-02 0.552167858258065E+03 0.968525905941030E-02 0.274662625828762E+03 0.967017327633178E-02 0.609602853533743E+03
0.644307427558017E+03 -0.413946016521871E-04 0.274688519063242E+03 -0.261770746337011E-04 0.552171283018848E+03 0.260573654812868E-02 0.274658820355940E+03 0.261290829583016E-02 0.609602367411709E+03
0.644321505331045E+03 0.672755650332244E-02 0.274692484032653E+03 0.675171498091362E-02 0.552167698045651E+03 0.648365036801718E-02 0.274662802380429E+03 0.652223822310434E-02 0.609603030224113E+03
0.644321308148442E+03 -0.233812396744582E-03 0.274692419727457E+03 -0.218994665426475E-03 0.552168109798074E+03 0.248498553960835E-02 0.274662737427468E+03 0.249100970101028E-02 0.609603076093482E+03
0.644320886249262E+03 -0.275400458393453E-03 0.274692312296677E+03 -0.260635212077028E-03 0.552167678020450E+03 0.247544273044659E-02 0.274662630175153E+03 0.248149672901270E-02 0.609602940737000E+03
0.644321412690708E+03 -0.276747529116304E-03 0.274692443025998E+03 -0.262081223926744E-03 0.552168231737180E+03 0.247836698084417E-02 0.274662760258355E+03 0.248443058354857E-02 0.609603122338442E+03
0.644320777021208E+03 -0.285383511387239E-03 0.274692281114836E+03 -0.270660231316251E-03 0.552167571413262E+03 0.247225036638859E-02 0.274662598829237E+03 0.247832610371461E-02 0.609602886103835E+03
0.644320871702376E+03 -0.301853865854252E-03 0.274686398432558E+03 -0.287195903378848E-03 0.552153684039213E+03 0.246188261099715E-02 0.274656699663831E+03 0.246798133616939E-02 0.609585966358786E+03
0.644321049700994E+03 -0.976115888577705E-02 0.274692382733477E+03 -0.979426389360276E-02 0.552167916460207E+03 -0.384016448749425E-02 0.274662700318818E+03 -0.382143244853167E-02 0.609603152139962E+03 
0.644321206232554E+03 -0.266225053415349E-03 0.274692379497391E+03 -0.251495469030662E-03 0.552168061722270E+03 0.248267127638773E-02 0.274662697055467E+03 0.248863253908770E-02 0.609603040264512E+03 
0.644320912348870E+03 -0.264817334535893E-03 0.274692321612184E+03 -0.250140696180659E-03 0.552167703522585E+03 0.248246005772256E-02 0.274662639122025E+03 0.248845471182899E-02 0.609602952355909E+03 
0.644321391071766E+03 -0.133520079008624E-01 0.274692439528169E+03 -0.133195729848990E-01 0.552168183967523E+03 -0.131119002576206E-01 0.274662756999009E+03 -0.131243524422810E-01 0.609603086227508E+03 
0.644301424660878E+03 -0.282669881334565E-03 0.274685870191996E+03 -0.267870449851717E-03 0.552172143370049E+03 0.245059861720737E-02 0.274656201712041E+03 0.245664808815665E-02 0.609610925184410E+03 
0.644321570150223E+03 -0.279517821920116E-03 0.274692515994495E+03 -0.264840652495095E-03 0.552168323133236E+03 0.247814684726669E-02 0.274662833565336E+03 0.248422742411054E-02 0.609603172589687E+03 
0.644320783970357E+03 -0.310247485914943E-02 0.274692303379466E+03 -0.314107932323403E-02 0.552167552201065E+03 0.492924265594294E-03 0.274662621401467E+03 0.501923663844797E-03 0.609602959911899E+03 
0.644321451752460E+03 -0.322260957220973E-03 0.274692453097074E+03 -0.308043513346969E-03 0.552168307573944E+03 0.243568663973147E-02 0.274662770598260E+03 0.244179140994285E-02 0.609603108570685E+03 
0.644312693064071E+03 -0.289427431963697E-03 0.274688416406924E+03 -0.274729847492645E-03 0.552169142400060E+03 0.246007102309301E-02 0.274658734105993E+03 0.246615934035730E-02 0.609603837540696E+03 
0.644321220445895E+03 0.768430965522053E-03 0.274692386373943E+03 0.670172966069888E-03 0.552168052040491E+03 -0.606833554068716E-02 0.274662703805691E+03 -0.605966876823505E-02 0.609603034447613E+03 
0.644323024123860E+03 -0.276486406930332E-03 0.274698598948148E+03 -0.261836527959873E-03 0.552188864680309E+03 0.247051125473182E-02 0.274668921638618E+03 0.247663298321777E-02 0.609622148095586E+03 
0.644320889453915E+03 -0.279947325395538E-03 0.274692321679028E+03 -0.265209795557481E-03 0.552167706921642E+03 0.247431285313824E-02 0.274662639571186E+03 0.248039457345977E-02 0.609602964247404E+03 
0.644320991435275E+03 -0.275935284779131E-03 0.274692342456656E+03 -0.261163902979816E-03 0.552167791518324E+03 0.247990878024903E-02 0.274662660372250E+03 0.248599624117398E-02 0.609602990256561E+03 
0.644327502279189E+03 -0.314879526293242E-03 0.274693214500531E+03 -0.300111031909165E-03 0.552165587790836E+03 0.243971668523924E-02 0.274663555186672E+03 0.244589188845582E-02 0.609598046673628E+03 
0.644320854183800E+03 -0.651579419993048E-02 0.274692282628995E+03 -0.649846961764549E-02 0.552167800263477E+03 -0.411436133593009E-02 0.274662600229520E+03 -0.409285788849156E-02 0.609603007730332E+03 
0.644320870232904E+03 -0.279847344015231E-03 0.274692238709315E+03 -0.265200818978283E-03 0.552167744089760E+03 0.247989792819398E-02 0.274662556618696E+03 0.248596505903333E-02 0.609602863759430E+03 
0.644320809818513E+03 -0.275818357452987E-03 0.274692197997726E+03 -0.261084629064534E-03 0.552167699232593E+03 0.247960737821675E-02 0.274662515643949E+03 0.248568159961688E-02 0.609602820615422E+03 
0.644321104162246E+03 -0.278741256580482E-03 0.274692409232549E+03 -0.264037666285349E-03 0.552167902545658E+03 0.245625750072281E-02 0.274662726110974E+03 0.246229557908905E-02 0.609603085634701E+03 
0.644321765192367E+03 -0.277650367576207E-03 0.274692553468556E+03 -0.262768802648576E-03 0.552168592954279E+03 0.250478852198963E-02 0.274662861152593E+03 0.251092786007026E-02 0.609603501096609E+03 
0.644084054441056E+03 -0.304647880988108E-03 0.274510067020844E+03 -0.290919309987295E-03 0.552046019742125E+03 0.217894629722988E-02 0.274480401363967E+03 0.218431341034981E-02 0.609382321345329E+03 
0.644319554832458E+03 0.432007674787684E-02 0.274691120800804E+03 0.446239238607435E-02 0.552167419291687E+03 0.476299992325419E-01 0.274661435577768E+03 0.477438097630572E-01 0.609601482429532E+03 
0.644321268095808E+03 -0.295188004382371E-03 0.274692390738078E+03 -0.280426114619767E-03 0.552168130638284E+03 0.250914043726316E-02 0.274662707936715E+03 0.251525498240167E-02 0.609603054993276E+03 
0.644321177551922E+03 -0.274070953272386E-03 0.274692381911881E+03 -0.259300950943217E-03 0.552168001785914E+03 0.248067647770776E-02 0.274662698688855E+03 0.248674112690190E-02 0.609603033010971E+03 
0.644320816837807E+03 -0.282818930160260E-03 0.274692293437987E+03 -0.268084622733470E-03 0.552167615007050E+03 0.247538529734652E-02 0.274662611014184E+03 0.248147071516549E-02 0.609602930141101E+03 
0.644320939274024E+03 -0.272223869006401E-03 0.274692328416768E+03 -0.257443840463909E-03 0.552167736186732E+03 0.247982382978307E-02 0.274662645396917E+03 0.248590881615276E-02 0.609602966048353E+03 
0.644321027905817E+03 -0.157665591167351E-01 0.274692406693304E+03 -0.158375148907262E-01 0.552167733642405E+03 -0.901561938766954E-04 0.274662724552783E+03 -0.110712266399261E-03 0.609603053481496E+03 
0.644383794612615E+03 -0.260111339825698E-03 0.274742876324012E+03 -0.245157835580086E-03 0.552156860275234E+03 0.247110796308475E-02 0.274713175459548E+03 0.247722693885297E-02 0.609653654704717E+03 
0.644321017238452E+03 -0.275718936623775E-03 0.274692393001688E+03 -0.261954938569551E-03 0.552167799452874E+03 0.247906246362654E-02 0.274662710851664E+03 0.248514114834683E-02 0.609603053854101E+03 
0.644321017786258E+03 -0.292500415825741E-03 0.274692349651955E+03 -0.277567995430764E-03 0.552167882446171E+03 0.248211785539556E-02 0.274662665363220E+03 0.248821619072086E-02 0.609603010187394E+03 
0.644312165237836E+03 -0.154506730235308E-03 0.274753241241672E+03 -0.141590744176403E-03 0.551989083399472E+03 0.239349148565582E-02 0.274723570906692E+03 0.239914459269617E-02 0.609593118795697E+03 
0.644320977536153E+03 -0.401087581762389E-01 0.274692489762915E+03 -0.398055498617228E-01 0.552167896353080E+03 0.251626903671651E-01 0.274662799787334E+03 0.252977088303987E-01 0.609602962146946E+03 
0.644301333551787E+03 0.981054755151289E-03 0.274686651230955E+03 0.989993856335935E-03 0.552169475204193E+03 0.437294628824757E-02 0.274656968151039E+03 0.438634816175111E-02 0.609610595173832E+03 
0.644319003167277E+03 -0.127475344365958E-01 0.274691748988168E+03 -0.126774313168939E-01 0.552168007184638E+03 -0.164778480767379E-01 0.274662066176040E+03 -0.165462558035398E-01 0.609603740415101E+03 
0.644321397264473E+03 -0.488414428020212E-02 0.274691172691918E+03 -0.469634122497013E-02 0.552168274670885E+03 -0.137087944045497E-01 0.274661479883586E+03 -0.139258806850548E-01 0.609601411609092E+03 
0.644328393814543E+03 -0.681422330113900E-03 0.274709008072964E+03 -0.648890535620916E-03 0.552171395277503E+03 0.863827174126075E-03 0.274679355081119E+03 0.846909704097230E-03 0.609624036525437E+03 
0.644321470581066E+03 -0.334048423529911E-03 0.274692514237729E+03 -0.319069906828786E-03 0.552168224235673E+03 0.243867027816624E-02 0.274662808541046E+03 0.244453897418327E-02 0.609603164671610E+03 
0.644321426063561E+03 -0.225398680037458E-03 0.274692512411700E+03 -0.214126225680977E-03 0.552168305558097E+03 0.253895452019040E-02 0.274662828945656E+03 0.254533230957474E-02 0.609603171461407E+03 
0.644321718078447E+03 -0.410456624975241E-03 0.274692597570703E+03 -0.395883810165649E-03 0.552167814203588E+03 0.236268703217164E-02 0.274662915041726E+03 0.236880518439740E-02 0.609602981727207E+03 
0.644321072072109E+03 -0.174260357116549E-03 0.274692308592301E+03 -0.159329986617792E-03 0.552168304924222E+03 0.265744357889566E-02 0.274662626270184E+03 0.266371421197084E-02 0.609603115102254E+03 
0.644349987831346E+03 0.111002881291220E-02 0.274704703382176E+03 0.112702124702278E-02 0.552152899175457E+03 0.412374691035058E-02 0.274675018755060E+03 0.413056644439326E-02 0.609600311401220E+03 
0.644319133166649E+03 0.172900598727737E-01 0.274691410390608E+03 0.173368251052943E-01 0.552169090113568E+03 0.233399668724318E-01 0.274661728001480E+03 0.233546955340961E-01 0.609603056845847E+03 
0.644320254207701E+03 0.836491685906493E-04 0.274691967879163E+03 0.990025439897451E-04 0.552168406907266E+03 0.288133845164172E-02 0.274662285286358E+03 0.288760786221778E-02 0.609603043538692E+03 
0.644322703120793E+03 -0.254713749452784E-02 0.274693118750122E+03 -0.253685573528397E-02 0.552167220558702E+03 -0.210100248107274E-03 0.274663435994032E+03 -0.205015841092812E-03 0.609603081438755E+03 
0.644320623464754E+03 -0.467663603394745E-02 0.274692188388223E+03 -0.468217622187384E-02 0.552167182252593E+03 0.214529259231993E-01 0.274662507207428E+03 0.215263740339055E-01 0.609602418657879E+03 
0.644306646368705E+03 -0.183643781468243E-03 0.274690374544760E+03 -0.168831734286863E-03 0.552125935323982E+03 0.202084768466957E-02 0.274660739251205E+03 0.202536622815642E-02 0.609576593259723E+03 
0.644319696764668E+03 0.254074185635811E-01 0.274690382498096E+03 0.253910911902115E-01 0.552170524052046E+03 -0.448445811665813E-03 0.274660700000527E+03 -0.480081585963421E-03 0.609601962162547E+03 
0.644320112850452E+03 0.376442495112221E-02 0.274690816097607E+03 0.377434580307266E-02 0.552170119821908E+03 0.206225219806649E-02 0.274661133403195E+03 0.206267642141390E-02 0.609602261867333E+03 
0.644326533680397E+03 -0.154529543135484E-02 0.274700348494336E+03 -0.152907515787923E-02 0.552157339440725E+03 0.257574016175780E-02 0.274670665978445E+03 0.258357251976298E-02 0.609607046810632E+03 
0.644299561856495E+03 -0.223507113297055E-02 0.274658652651654E+03 -0.221815817625155E-02 0.552214129486096E+03 0.260582329086058E-02 0.274628970083187E+03 0.261447329873696E-02 0.609586071423670E+03 
0.644320341758177E+03 0.758990913631822E-03 0.274691848401151E+03 0.772383255066864E-03 0.552167834771022E+03 0.293514145105671E-02 0.274662165898515E+03 0.294018937187198E-02 0.609602631953363E+03 
0.644319584931240E+03 -0.199432888439504E-01 0.274691362772767E+03 -0.199023699278362E-01 0.552167766358338E+03 -0.643919386884610E-02 0.274661680330641E+03 -0.641338986530708E-02 0.609602370110361E+03 
0.644325027178996E+03 0.194643043339041E-03 0.274694807304752E+03 0.208551329246047E-03 0.552168661087783E+03 0.278654675070445E-02 0.274665124259076E+03 0.279205927475152E-02 0.609604601455458E+03 
0.644230412546589E+03 0.811281221781683E-05 0.274633607821144E+03 0.223876669094200E-04 0.552156108212450E+03 0.265061714369102E-02 0.274603934807218E+03 0.265638414285408E-02 0.609566659334717E+03 
0.644322374406677E+03 0.194667652897211E-01 0.274692665835137E+03 0.194979658120021E-01 0.552169521985624E+03 -0.266218864691087E-01 0.274662983226036E+03 -0.266332914186642E-01 0.609604162258501E+03 
0.644322439223528E+03 0.880876006442736E-04 0.274692688933450E+03 0.103251787577995E-03 0.552169505203286E+03 0.193660521927340E-02 0.274663006340480E+03 0.194240441532998E-02 0.609604230459581E+03 
0.644254993440187E+03 0.113931800779708E-03 0.274670833337079E+03 0.129060040845396E-03 0.552100955174974E+03 0.183079796048817E-02 0.274641152183829E+03 0.183651542792146E-02 0.609542905917746E+03 
0.644320586948802E+03 -0.252069076055868E-03 0.274692158068119E+03 -0.237284121400850E-03 0.552167356378474E+03 0.245471220117284E-02 0.274662475251739E+03 0.246075252113357E-02 0.609602356599719E+03 
