# Eigenvalues (atomic units)
-5.926439519685264e-22
2.8927463881441057e-21
6.51330748275367e-21
3.739695692076638e-08
4.2799887359027256e-08
5.3665234271643095e-08
9.188541485032354e-08
9.853335000630412e-08
1.261673658962586e-07
2.2137519095044753e-07
2.4459370044892383e-07
2.9719133466936286e-07
3.1875764463420534e-07
3.378969927105995e-07
5.313974466314015e-07
5.330016334790726e-07
1.1269207889032122e-06
1.1331662008618723e-06
1.2658676962262518e-06
1.2799027616525008e-06
1.694219958636005e-06
1.7298313745622353e-06
2.984175050519149e-06
3.002682663118497e-06
3.0783176644744633e-06
3.106445698712428e-06
3.2117486878789256e-06
3.247408838317408e-06
4.371421395717305e-06
4.575488202722138e-06
4.6981615554091455e-06
4.788658905252658e-06
5.102627979507494e-06
5.215820540552253e-06
5.543295148501687e-06
5.559127582587632e-06
6.705651646074693e-06
6.785553986726624e-06
7.469741107006276e-06
7.475594271557046e-06
7.940062126479678e-06
8.002337432945108e-06
8.744095232342413e-06
8.766485641036944e-06
1.0746369410804321e-05
1.1278634546807678e-05
1.1455237081226668e-05
1.1527622527159247e-05
1.159223498639211e-05
1.160062428067477e-05
1.1732321208310447e-05
1.1862207303708155e-05
1.2439115828227715e-05
1.2600146568041993e-05
1.3622835497363669e-05
1.3692380528668907e-05
1.4457305592471694e-05
1.463435402462597e-05
1.5252322352185688e-05
1.5386107444019032e-05
1.6159907940709384e-05
1.6278293308095486e-05
1.6610820423682978e-05
1.661432255291688e-05
1.6892365992810033e-05
1.6990405780776403e-05
1.708021210211156e-05
1.7305646896952663e-05
1.882301125478044e-05
1.894018090523856e-05
1.9022257633919896e-05
1.902442017880735e-05
1.95935896094581e-05
1.9607165641642554e-05
1.9624636176064923e-05
1.9760827844552235e-05
2.117242033453871e-05
2.1285930670282126e-05
2.1362018258520384e-05
2.1404049113894304e-05
2.4974169283153804e-05
2.4985771454170008e-05
2.6539678471765977e-05
2.668273188264555e-05
2.696428859530466e-05
2.6967358173006056e-05
2.739047934653785e-05
2.7689529226251857e-05
2.819602342091089e-05
2.8203270970742874e-05
2.8702365639440645e-05
2.8780082065170024e-05
3.292849473932552e-05
3.2959270812421297e-05
3.2977942075636156e-05
3.309926990580192e-05
3.346633814748275e-05
3.368770807407283e-05
3.517705319214017e-05
3.5277534038447105e-05
3.887394206402091e-05
3.8918088641840927e-05
3.917592893359839e-05
3.9332187466105135e-05
4.025680918617156e-05
4.030785265947218e-05
4.0795086764395105e-05
4.086100381297195e-05
4.281210509207957e-05
4.2979092924397984e-05
4.3272492970181916e-05
4.335296917499173e-05
4.528586666198312e-05
4.539466199343341e-05
4.908068781614294e-05
4.908975789137876e-05
4.9618460118584345e-05
4.980368572137381e-05
5.142122570042494e-05
5.1436835602509434e-05
5.429535683066877e-05
5.4303675251170285e-05
5.448292735187952e-05
5.451983963313296e-05
0.0001993831959733052
0.00019940468292444622
0.0001994866083947607
0.00019956447747054168
0.00019959861131588186
0.00019961447490699638
0.0002000182298565663
0.00020009008052411875
0.00020071550515924765
0.00020074878826417347
0.0002007842977248964
0.00020081572316761801
0.00020195734875961963
0.00020198657669377417
0.00020202579857899285
0.00020206758866671854
0.00020303387498921097
0.00020312683980665267
0.00020314921786126594
0.00020324853247168445